groups: 6
color: 0.927762,0.314297,0.083179 
count: 10 
0.15822,0.36133
0.21352,0.64648
0.32873,0.23438
0.38556,0.50586
0.40553,0.68359
0.41167,0.5957
0.41628,0.42383
0.49462,0.41211
0.50998,0.25781
0.5576,0.42383
color: 0.794311,0.586805,0.067568 
count: 14 
0.13671,0.43945
0.14439,0.18359
0.20584,0.41016
0.27035,0.61523
0.29493,0.1582
0.52227,0.51563
0.553,0.18555
0.60215,0.23242
0.60829,0.84961
0.64516,0.29492
0.6467,0.44727
0.66667,0.21875
0.69739,0.34961
0.79724,0.88867
color: 0.461899,0.556356,0.689535 
count: 16 
0.067588,0.28125
0.13671,0.59375
0.2212,0.52539
0.25499,0.33398
0.30568,0.75586
0.3318,0.34961
0.45315,0.23047
0.4639,0.55469
0.57296,0.69531
0.63441,0.37695
0.70661,0.61914
0.82335,0.48047
0.82642,0.30078
0.851,0.83203
0.88633,0.66211
0.95238,0.50586
color: 0.833603,0.293079,0.455695 
count: 11 
0.2043,0.19922
0.33333,0.42578
0.39324,0.35352
0.46083,0.47852
0.4639,0.82813
0.49616,0.75977
0.72504,0.44336
0.7619,0.70703
0.84485,0.37695
0.91551,0.8125
0.93548,0.36719
color: 0.959944,0.111447,0.117386 
count: 9 
0.26421,0.45703
0.35023,0.65234
0.447,0.32227
0.60983,0.52539
0.61905,0.15039
0.64209,0.7207
0.72965,0.23047
0.73733,0.52539
0.86636,0.74609
color: 0.426690,0.795578,0.408047 
count: 16 
0.1275,0.28711
0.20584,0.28711
0.30568,0.51953
0.39171,0.24609
0.50691,0.61719
0.5361,0.34961
0.56836,0.056641
0.58372,0.30664
0.61905,0.61719
0.62058,0.93555
0.67127,0.55078
0.72504,0.77148
0.7573,0.31836
0.78034,0.58203
0.78187,0.80859
0.82642,0.68945
